%YAML:1.0
---
model_type: PINHOLE
camera_name: camera
image_width: 640
image_height: 480
distortion_parameters:
   k1: 0.004709
   k2: -0.001685
   p1: 0.002144
   p2: -0.002518
projection_parameters:
   fx: 349.14527
   fy: 349.75025
   cx: 317.96679
   cy: 241.07036
